  0.2096,  0.1415,
         -0.1876, -0.2467],
        [ 0.2208, -0.2352, -0.1426, -0.2636, -0.2889, -0.2061, -0.2849, -0.0465,
          0.2577,  0.0402],
        [ 0.1502,  0.2465,  0.2566,  0.0693,  0.2352, -0.0530,  0.1859, -0.0604,
          0.2132,  0.1680],
        [ 0.1733, -0.2407, -0.1721,  0.1484,  0.0358, -0.0633, -0.0721, -0.0090,
          0.2707, -0.2509],
        [-0.1173,  0.1561,  0.2945,  0.0595, -0.1996,  0.2988, -0.0802,  0.0407,
          0.1829, -0.1568],
        [-0.1164, -0.2228, -0