],
      [ 1.4200,  1.4200,  1.4200,  , -1.6302, -1.6302, -1.6302],
      ,
      [-1.0201, -1.0201, -1.0201,  , -1.5604, -1.5604, -1.5604],
      [-1.0027, -1.0027, -1.0027,  , -1.5604, -1.5430, -1.5430],
      [-1.0027, -1.0027, -1.0027,  , -1.5604, -1.5430, -1.5430]]]),

'pixel_mask': tensor([[1, 1, 1,  , 1, 1, 1],
         [1, 1, 1,  , 1, 1, 1],
         [1, 1, 1,  , 1, 1, 1],
         ,
         [1, 1, 1,  , 1, 1, 1],
         [1, 1, 1,  , 1, 1, 1],
         [1, 1, 1,  , 1, 1, 1]]),
 'labels': {'size':